MODE 2
SIZE 11/70
LIMIT 0/100
COLOR LIMIT 4
STARS 100/5010/9000
POWERUPS 0/1/0/1
0 0 0 0 15 10 13 11 0 0 0
0 7 7 7 7 7 7 7 7 7 0
0 7 7 7 7 7 7 7 7 7 0
7 0 7 7 7 7 7 7 0 0 0
0 7 0 7 7 7 7 7 7 0 0
0 7 7 7 7 7 7 7 7 0 0
0 0 7 7 7 7 7 7 0 0 0
0 7 0 7 7 7 7 7 7 0 0
0 0 7 7 7 7 7 7 7 7 0
0 7 0 0 7 7 7 7 7 0 0
7 7 7 7 7 7 7 7 7 7 0
0 7 0 7 0 7 0 7 7 0 0
0 0 7 7 7 7 7 0 7 7 0
0 7 0 7 7 7 7 7 7 0 0
0 7 7 7 7 7 7 7 7 7 0
7 7 7 7 7 7 7 7 0 0 0
0 0 7 7 7 7 7 7 7 0 0
0 0 0 7 7 0 7 7 7 0 0
0 0 7 7 7 7 7 7 7 0 0
0 0 7 0 7 7 7 7 7 0 0
0 0 7 7 7 7 7 7 0 0 0
0 7 0 7 7 0 7 7 7 0 0
0 0 7 0 7 7 7 7 7 0 0
0 0 7 0 7 7 7 7 0 0 0
0 0 7 7 7 7 7 7 0 0 0
0 0 0 7 0 0 7 0 0 0 0
0 0 0 0 0 7 7 7 7 0 0
0 0 0 0 7 7 7 7 0 0 0
0 0 0 0 0 7 7 0 0 0 0
0 0 0 0 7 7 7 7 7 0 0
0 0 0 0 0 7 0 0 0 7 7
0 0 0 0 0 7 0 0 7 0 0
0 0 0 0 0 7 7 7 7 0 0
0 0 0 0 0 7 0 0 0 0 0
0 0 0 0 0 0 7 7 0 0 0
0 0 0 0 0 7 7 7 0 0 0
0 0 0 0 0 7 7 7 7 0 0
0 0 0 7 7 7 7 0 0 0 0
0 0 0 0 7 7 7 7 0 0 0
0 0 0 0 7 7 7 0 0 0 0
0 0 0 0 7 7 7 0 0 0 0
0 0 0 0 7 7 0 0 0 0 0
0 0 0 0 7 7 0 0 0 0 0
0 0 0 7 7 0 0 0 0 0 0
0 7 7 7 7 0 0 0 0 0 0
7 7 7 7 0 0 0 0 0 0 0
0 7 0 0 0 0 0 0 0 0 0
7 7 0 0 0 0 0 0 0 0 0
7 0 0 0 0 0 0 0 0 0 0
7 7 7 0 0 0 0 0 0 0 0
7 0 7 0 0 0 0 0 0 0 0
7 7 0 0 0 0 0 0 0 0 0
7 0 0 0 0 0 0 0 0 0 0
7 0 0 0 0 0 0 0 0 0 0
7 0 0 0 0 0 0 0 0 0 0
7 0 0 0 0 0 0 0 0 0 0
0 0 0 0 0 0 0 0 0 0 0
0 0 0 0 0 0 0 0 0 0 0
0 0 0 0 0 0 0 0 0 0 0
0 0 0 0 0 0 0 0 0 0 0
0 0 0 0 0 0 0 0 0 0 0
0 0 0 0 0 0 0 0 0 0 0
0 0 0 0 0 0 0 0 0 0 0
0 0 0 0 0 0 0 0 0 0 0
0 0 0 0 0 0 0 0 0 0 0
0 0 0 0 0 0 0 0 0 0 0
0 0 0 0 0 0 0 0 0 0 0
0 0 0 0 0 0 0 0 0 0 0
0 0 0 0 0 0 0 0 0 0 0
0 0 0 0 0 0 0 0 0 0 0