[header]
width=8
height=9
tilewidth=78
tileheight=78
orientation=orthogonal

[tilesets]
tileset=pictures/blocks.png,78,78,0,0
tileset=pictures/jewels.png,78,78,0,0

[layer]
type=cell
data=
0,0,0,1,1,0,0,0,
0,0,0,2,2,0,0,0,
0,0,2,2,2,2,0,0,
0,2,2,2,2,2,2,0,
2,2,2,2,2,2,2,2,
2,2,2,2,2,2,2,2,
0,2,2,2,2,2,2,0,
0,0,2,2,2,2,0,0,
0,0,0,2,2,0,0,0

[layer]
type=ground
data=
0,0,0,0,0,0,0,0,
0,0,0,0,0,0,0,0,
0,0,0,0,0,0,0,0,
0,0,0,0,0,0,0,0,
0,0,0,0,0,0,0,0,
0,0,0,0,0,0,0,0,
0,0,0,0,0,0,0,0,
0,0,0,0,0,0,0,0,
0,0,0,0,0,0,0,0

[layer]
type=obj
data=
0,0,0,0,0,0,0,0,
0,0,0,25,22,0,0,0,
0,0,22,22,27,23,0,0,
0,23,23,27,24,27,25,0,
22,22,25,22,23,22,23,22,
22,25,23,24,22,24,22,24,
0,23,27,27,24,22,23,0,
0,0,25,22,22,25,0,0,
0,0,0,23,25,0,0,0

[layer]
type=cover
data=
0,0,0,0,0,0,0,0,
0,0,0,0,0,0,0,0,
0,0,0,0,0,0,0,0,
0,0,0,0,0,0,0,0,
0,0,0,0,0,0,0,0,
0,0,0,0,0,0,0,0,
0,0,0,0,0,0,0,0,
0,0,0,0,0,0,0,0,
0,0,0,0,0,0,0,0

